1577876317597 9.209580719470978 0
1577876318886 2.87032057531178 0
1577876320204 2.1469423081725836 0
1577876321499 4.2339651845395565 0
1577876322770 2.432070206850767 0
1577876324062 3.0679379124194384 0
1577876325139 3.544741543009877 0
1577876326133 2.1494419779628515 0
1577876327351 2.3528821766376495 0
1577876328541 1.7041945829987526 0
1577876329919 2.245534211397171 0
1577876331256 1.9394366536289454 0
1577876333631 1.1893425835296512 0
1577876334624 1.7104578437283635 0
1577876335410 1.4674384146928787 0
1577876336828 0.6953809643164277 0
1577876338276 1.0643198620527983 0
1577876339618 1.597575144842267 0
1577876340644 1.6059833578765392 0
1577876341405 0.7991965976543725 0
1577876342245 0.6884012254886329 0
1577876343088 0.9828329784795642 0
1577876343826 0.47165981959551573 0
1577876344582 0.7331423694267869 0
1577876346458 0.8377372287213802 0
1577876347203 0.5637668073177338 0
1577876348072 0.7567026186734438 0
1577876348815 0.45671474072150886 0
1577876349575 0.6941153551451862 0
1577876350354 0.5481393309310079 0
1577876351122 1.0994741460308433 0
1577876351872 0.3884732141159475 0
1577876352616 0.7346805068664253 0
1577876353364 0.5208438378758729 0
1577876354113 0.3158239123877138 0
1577876354859 0.6256786291487515 0
1577876356756 0.7397275767289102 0
1577876357501 0.535149360075593 0
1577876358244 0.538117135874927 0
1577876358992 0.4258080734871328 0
1577876359737 0.24674678570590913 0
1577876360491 0.3742012777365744 0
1577876361242 0.7545349071733654 0
1577876361991 0.683948106598109 0
1577876362738 0.26074177003465593 0
1577876363487 0.4418815369717777 0
1577876364228 0.3914133121725172 0
1577876364969 0.36871686461381614 0
