1577876651552 9.043705649673939 0
1577876652241 2.3988233879208565 0
1577876652924 10.735291056334972 0
1577876653613 4.226394928991795 0
1577876654300 3.1735687516629696 0
1577876654987 3.3960044384002686 0
1577876655674 3.0886500608175993 0
1577876656358 2.3874957114458084 0
1577876657046 2.696584677323699 0
1577876657730 2.4278173223137856 0
1577876658415 1.8732049502432346 0
1577876659102 1.8924707546830177 0
1577876660858 2.098861848935485 0
1577876661544 1.8975896527990699 0
1577876662233 2.562551759183407 0
1577876662917 2.9590907506644726 0
1577876663604 2.678105141967535 0
1577876664291 2.2011606488376856 0
1577876664984 3.992584068328142 0
1577876665671 2.125590108335018 0
1577876666357 2.1439699921756983 0
1577876667044 2.8533183503896 0
1577876667730 2.9589429032057524 0
1577876668436 2.558430191129446 0
1577876670224 2.227138029411435 0
1577876670917 2.321531530469656 0
1577876671606 4.065623972564936 0
1577876672301 1.9714406225830317 0
1577876672998 3.447110066190362 0
1577876673692 2.7773187030106783 0
1577876674381 1.6059187473729253 0
1577876675073 2.1373480558395386 0
1577876675761 2.62265233322978 0
1577876676451 2.9083306435495615 0
1577876677163 3.5318410955369473 0
1577876677871 1.8060470465570688 0
1577876679639 2.6495056226849556 0
1577876680326 2.607880625873804 0
1577876681016 1.934494823217392 0
1577876681702 1.9276919774711132 0
1577876682389 3.0903152655810118 0
1577876683078 1.8272425513714552 0
1577876683766 2.247297903522849 0
1577876684454 2.325225854292512 0
1577876685141 2.7691691648215055 0
1577876685829 2.069279318675399 0
1577876686519 2.319319173693657 0
1577876687212 3.8338482845574617 0
