1577876594378 9.115029126405716 0
1577876595605 3.0235154554247856 0
1577876596833 3.0964999459683895 0
1577876598060 1.3189367018640041 0
1577876599287 0.6629200652241707 0
1577876600516 0.9105184581130743 0
1577876601816 0.8495342917740345 0
1577876603044 1.0403479682281613 0
1577876604272 0.5463041597977281 0
1577876605499 0.7888081599958241 0
1577876606728 0.6913944962434471 0
1577876607973 1.0322490707039833 0
1577876610212 0.48695236910134554 0
1577876611447 0.6766744190827012 0
1577876612679 0.5962213617749512 0
1577876613984 0.534642837010324 0
1577876615233 0.5373462336137891 0
1577876616469 0.28455082792788744 0
1577876617701 0.4470106796361506 0
1577876618937 0.3618391929194331 0
1577876620201 0.5274558789096773 0
1577876621512 0.593156146351248 0
1577876622768 0.37699841777794063 0
1577876624088 0.5784937529824674 0
1577876626346 0.570070871617645 0
1577876627579 0.2720948541536927 0
1577876628821 0.6763287237845361 0
1577876630054 0.6731721223331988 0
1577876631390 0.40367140900343657 0
1577876632639 0.28609283617697656 0
1577876633981 0.46486977953463793 0
1577876635223 0.4416509182192385 0
1577876636459 0.2672984846867621 0
1577876637698 0.43413927778601646 0
1577876638959 0.5234789568930864 0
1577876640113 0.4663422587327659 0
1577876641891 0.6343364366330206 0
1577876642572 0.6881985464133322 0
1577876643258 0.24061511794570833 0
1577876643939 0.2599928411655128 0
1577876644620 0.5210725939832628 0
1577876645304 0.42868833406828344 0
1577876645986 0.4046956601087004 0
1577876646667 0.4603152920026332 0
1577876647351 0.42097445111721754 0
1577876648045 0.4937505000270903 0
1577876648726 0.2404971164651215 0
1577876649417 0.37168918061070144 0
