1577876199136 9.16459783911705 0
1577876200421 4.021496511995792 0
1577876201803 1.9027141388505697 0
1577876203069 1.5432252548635006 0
1577876204332 1.8301914678886533 0
1577876205594 1.2209080159664154 0
1577876206859 0.9011009824462235 0
1577876208133 1.2991359690204263 0
1577876209386 1.1891272151842713 0
1577876210649 1.0539178038015962 0
1577876211929 0.9275125339627266 0
1577876213054 1.0201595723628998 0
1577876214895 1.5055487165227532 0
1577876215656 1.3306747423484921 0
1577876216396 1.1457522632554173 0
1577876217135 1.4175745891407132 0
1577876217871 0.9108679369091988 0
1577876218614 0.8156744879670441 0
1577876219352 1.2799706310033798 0
1577876220106 0.820015266072005 0
1577876221300 1.0180938988924026 0
1577876222567 1.0721242288127542 0
1577876223744 0.5917761591263115 0
1577876224871 1.082441071048379 0
1577876227267 0.9753549238666892 0
1577876228573 0.6571259000338614 0
1577876229914 0.6871609948575497 0
1577876230863 0.9529070812277496 0
1577876232150 0.941024802159518 0
1577876233412 0.734768807888031 0
1577876234646 0.7336220005527139 0
1577876235759 0.37725732545368373 0
1577876237133 0.5921648698858917 0
1577876238303 0.8453004411421716 0
1577876239303 0.6388917681761086 0
1577876240105 0.40420240839011967 0
1577876242179 0.7423230563290417 0
1577876242987 0.6429346976801753 0
1577876244056 0.8128946647047997 0
1577876245414 0.5196709535084665 0
1577876246780 0.6437813281081617 0
1577876248080 0.601870589889586 0
1577876249049 0.6148993270471692 0
1577876250343 0.7446194649673998 0
1577876251583 0.74786163168028 0
1577876252824 0.4817668814212084 0
1577876254079 0.5889530875720084 0
1577876254862 0.6868884665891528 0
