1577876367253 9.129542857408524 0
1577876368529 2.349219983443618 0
1577876369806 1.6075936146080494 0
1577876371084 1.207725959829986 0
1577876372352 1.567958272062242 0
1577876373616 1.2323869159445167 0
1577876374861 1.180292689241469 0
1577876376145 1.0991999879479408 0
1577876377441 1.032469910569489 0
1577876378738 1.3045348459854722 0
1577876380020 1.445362693630159 0
1577876381204 0.9352469933219254 0
1577876383584 1.378916553221643 0
1577876384414 1.0081029031425714 0
1577876385155 0.8775384048931301 0
1577876385896 0.7236379315145314 0
1577876386634 0.9184274240396917 0
1577876387379 0.7172395708039403 0
1577876388149 0.6744299316778779 0
1577876388891 1.020618830807507 0
1577876389639 0.7483812514692545 0
1577876390384 0.8753261063247919 0
1577876391129 1.0554816108196974 0
1577876391875 0.6003170274198055 0
1577876393771 0.6988740642555058 0
1577876394516 0.5536405951716006 0
1577876395275 0.40908207301981747 0
1577876396021 0.7240474806167185 0
1577876396765 0.5200649611651897 0
1577876397522 0.5897593218833208 0
1577876398270 0.4267068870831281 0
1577876399014 0.81217399565503 0
1577876399754 0.5059752147644758 0
1577876400502 0.6275961641222239 0
1577876401247 0.5680731264874339 0
1577876401992 0.5948415491729975 0
1577876403882 0.44608348980546 0
1577876404641 0.5834155017510056 0
1577876405385 0.328569469274953 0
1577876406131 0.40824018651619554 0
1577876406878 0.5584703176282346 0
1577876407634 0.6903402972966433 0
1577876408392 0.44770725071430206 0
1577876409138 0.4951001610606909 0
1577876409879 0.27094196411781013 0
1577876411117 0.3303161356598139 0
1577876412380 0.521525798831135 0
1577876413659 1.0222619166597724 0
