1577876738131 9.119266644120216 0
1577876739060 3.023548051714897 0
1577876740125 2.313944511115551 0
1577876741387 1.8661569338291883 0
1577876742386 1.3774728868156672 0
1577876743381 1.0882132919505239 0
1577876744264 1.7733302665874362 0
1577876745237 1.5164549695327878 0
1577876746160 0.7119934889487922 0
1577876747341 0.9088341030292213 0
1577876748386 1.0879271430894732 0
1577876749586 1.1022723047062755 0
1577876752096 0.7400616304948926 0
1577876753240 0.5619677249342203 0
1577876754659 0.8815774926915765 0
1577876756077 0.7505856920033693 0
1577876757499 0.9386116871610284 0
1577876758872 1.0279454290866852 0
1577876760621 1.168578048236668 0
1577876761735 0.5393694154918194 0
1577876763334 1.1386118130758405 0
1577876764531 0.8252481929957867 0
1577876765728 0.7571731111966074 0
1577876766662 0.558576313778758 0
1577876768940 0.5958470283076167 0
1577876770217 0.40248731966130435 0
1577876771556 0.6414696690626442 0
1577876772760 0.49382104771211743 0
1577876774190 0.4293905512895435 0
1577876775356 0.9610906126908958 0
1577876776768 0.2957053657155484 0
1577876778174 0.5024510319344699 0
1577876779288 0.8239495800808072 0
1577876780605 0.6684680702164769 0
1577876781553 0.5776939797215164 0
1577876782306 0.5021676188334823 0
1577876784427 0.5300086340866983 0
1577876785729 1.0523019591346383 0
1577876786709 0.8699428872205317 0
1577876787924 0.5715895094908774 0
1577876789339 0.43889498920179904 0
1577876790702 0.4177262890152633 0
1577876792158 0.37038690061308444 0
1577876793509 0.6098450976423919 0
1577876794927 0.4357123689260334 0
1577876796227 0.3608507104218006 0
1577876797551 0.837427272927016 0
1577876798898 0.34285071888007224 0
