1577876536999 9.076778776943684 0
1577876538231 2.0700490567833185 0
1577876539481 1.9271100172773004 0
1577876540712 1.5333272749558091 0
1577876541946 1.016603084281087 0
1577876543179 1.7768950201570988 0
1577876544409 0.6768085295334458 0
1577876545637 0.7989697041921318 0
1577876546866 0.8722252096049488 0
1577876548094 0.6212394218891859 0
1577876549322 0.9675571345724165 0
1577876550550 0.7414500578306615 0
1577876552778 0.46577854664064944 0
1577876554008 0.707306491676718 0
1577876555239 0.6153812864795327 0
1577876556469 0.4811083781532943 0
1577876557730 0.44108685688115656 0
1577876559012 0.7210928597487509 0
1577876560251 0.28905170620419085 0
1577876561537 0.6214897148311138 0
1577876562791 0.5938977119512856 0
1577876564023 0.3810826747212559 0
1577876565253 0.42865428258664906 0
1577876566483 0.31249428866431117 0
1577876568787 0.9254994802176952 0
1577876569545 0.4397965385578573 0
1577876570228 0.6239489302970469 0
1577876570908 0.43946117511950433 0
1577876571592 0.335487857228145 0
1577876572287 0.380576413590461 0
1577876572976 0.2569338830653578 0
1577876573660 0.23083788983058184 0
1577876574354 0.23962238628882915 0
1577876575049 0.3450468648225069 0
1577876575733 0.30323085957206786 0
1577876576433 0.19081660138908774 0
1577876578198 0.3887699276674539 0
1577876579430 0.1555623166495934 0
1577876580658 0.1613287749933079 0
1577876581890 0.29178467229939997 0
1577876583169 0.34123880323022604 0
1577876584400 0.21490559447556734 0
1577876585636 0.4328582435846329 0
1577876586866 0.31644076807424426 0
1577876588096 0.3607153194025159 0
1577876589328 0.333854608470574 0
1577876590565 0.2837826032191515 0
1577876591795 0.27163041522726417 0
