1577876126666 147.66092598438263 0
1577876126906 71.57699763774872 0
1577876127040 33.10183063149452 0
1577876127178 47.61146381497383 0
1577876127365 21.271731704473495 0
1577876127525 26.46520547568798 0
1577876127650 99.28110986948013 0
1577876127796 37.428755313158035 0
1577876127925 14.102619141340256 0
1577876128072 34.487444907426834 0
1577876128202 34.447118639945984 0
1577876128357 35.98931059241295 0
1577876128479 25.529440492391586 0
1577876128623 66.00514054298401 0
1577876128756 11.765236034989357 0
1577876128888 9.367653168737888 0
1577876129027 20.281298086047173 0
1577876129191 12.503471225500107 0
1577876129326 35.80793738365173 0
1577876129488 18.207186833024025 0
1577876129636 11.648193001747131 0
1577876129824 34.53749045729637 0
1577876129973 8.94628744572401 0
1577876130132 12.26284634321928 0
1577876130262 8.845599368214607 0
1577876130406 17.21222512423992 0
1577876130537 17.53576099872589 0
1577876130691 21.014371886849403 0
1577876130827 6.014369428157806 0
1577876130991 23.658623918890953 0
1577876131121 7.1222735568881035 0
1577876131278 11.124229989945889 0
1577876131410 4.895753692835569 0
1577876131587 27.46332436800003 0
1577876131720 16.609393060207367 0
1577876131873 14.541815966367722 0
1577876132004 8.448866195976734 0
1577876132151 16.465073451399803 0
1577876132284 19.400285556912422 0
1577876132455 32.24722668528557 0
1577876132601 39.44089263677597 0
1577876132776 5.217087920755148 0
1577876132904 0.7719476707279682 0
1577876133085 12.146707624197006 0
1577876133187 42.24929213523865 0
1577876133258 4.402149934321642 0
1577876133373 24.531539529561996 0
1577876133451 6.377667188644409 0
1577876133524 5.265963729470968 0
1577876133622 28.714535757899284 0
1577876133717 17.948230728507042 0
1577876133794 21.13531529903412 0
1577876133891 19.19580064713955 0
1577876133981 19.302360713481903 0
1577876134056 18.128933385014534 0
1577876134137 5.736189428716898 0
1577876134229 7.223271299153566 0
1577876134306 49.16994646191597 0
1577876134392 3.7795205134898424 0
1577876134469 23.550935089588165 0
1577876134540 47.485798597335815 0
1577876134618 17.317499965429306 0
1577876134698 14.149080030620098 0
1577876134773 42.09275543689728 0
1577876134860 12.009127996861935 0
1577876134937 23.7975362688303 0
1577876135011 3.3236879389733076 0
1577876135100 25.79323947429657 0
1577876135179 19.76804807782173 0
1577876135249 21.252648904919624 0
1577876135341 2.239554189145565 0
1577876135415 19.641658291220665 0
1577876135486 8.846437558531761 0
1577876135573 1.6384035116061568 0
1577876135649 7.387441582977772 0
1577876135719 5.869888234883547 0
1577876135812 31.316500157117844 0
1577876135891 17.0296598225832 0
1577876135962 43.13162714242935 0
1577876136070 3.824439598247409 0
1577876136149 11.555983684957027 0
1577876136219 2.755850087851286 0
1577876136311 7.690338883548975 0
1577876136389 34.9125973880291 0
1577876136459 3.5770870745182037 0
1577876136543 7.2053419426083565 0
1577876136625 17.61418953537941 0
1577876136696 15.16817044466734 0
1577876136790 10.732626542448997 0
1577876136870 13.840872794389725 0
1577876136940 1.1562303407117724 0
1577876137031 7.1194712072610855 0
1577876137105 5.7543194852769375 0
1577876137176 40.29108211398125 0
1577876137259 21.77581377327442 0
1577876137338 24.23659898340702 0
1577876137412 10.700139217078686 0
1577876137500 0.761478382628411 0
1577876137575 52.118610590696335 0
1577876137647 24.131257086992264 0
1577876137730 1.7449550796300173 0
1577876137814 11.452090926468372 0
1577876137883 19.9422724545002 0
1577876137978 8.433130569756031 0
1577876138106 2.4452940560877323 0
1577876138254 3.9000194519758224 0
1577876138388 1.9861080218106508 0
1577876138540 20.345360040664673 0
1577876138672 0.3726966097019613 0
1577876138816 18.509048968553543 0
1577876138952 2.4659857153892517 0
1577876139092 3.884308272972703 0
1577876139224 1.9071089336648583 0
1577876139376 1.3837508158758283 0
1577876139529 20.78806981444359 0
1577876139693 18.791280686855316 0
1577876139786 1.3601999962702394 0
1577876139868 38.01774978637695 0
1577876139962 62.41761893033981 0
1577876140036 16.45849645137787 0
1577876140119 23.850824683904648 0
1577876140234 0.7508207927457988 0
1577876140373 12.979155406355858 0
1577876140522 30.991192907094955 0
1577876140664 37.72054240107536 0
1577876140807 3.1861932948231697 0
1577876140947 14.772873371839523 0
1577876141096 0.6091673276387155 0
1577876141232 0.14491626643575728 0
1577876141384 6.6352966241538525 0
1577876141522 0.9745226125232875 0
1577876141700 10.175858624279499 0
1577876141862 20.50810679793358 0
1577876142022 25.762595236301422 0
1577876142163 18.18257011473179 0
1577876142310 4.18476527556777 0
1577876142395 11.878899298608303 0
1577876142481 1.569300889968872 0
1577876142584 1.0461444035172462 0
1577876142665 8.531427942216396 0
1577876142787 76.36218518018723 0
1577876142899 0.5347859114408493 0
1577876143043 2.772323088720441 0
1577876143136 10.265594348311424 0
1577876143216 1.719150342978537 0
1577876143316 9.73085779696703 0
1577876143402 7.894863374531269 0
1577876143484 4.437614697962999 0
1577876143577 6.136332172900438 0
1577876143658 0.26415238971821964 0
1577876143734 1.8562310142442584 0
1577876143830 0.5589650245383382 0
1577876143909 16.349229961633682 0
1577876143985 0.4939876962453127 0
1577876144074 8.85504949837923 0
1577876144152 9.826512075960636 0
1577876144222 43.576452881097794 0
1577876144323 13.937006704509258 0
1577876144398 51.94876343011856 0
1577876144472 0.6340602412819862 0
1577876144564 18.27101595699787 0
1577876144637 0.9849562775343657 0
1577876144710 20.158348605036736 0
1577876144801 13.163319788873196 0
1577876144881 7.957655005156994 0
1577876144954 10.146687738597393 0
1577876145050 8.532846346497536 0
1577876145127 3.709696000441909 0
1577876145201 7.032896392047405 0
1577876145289 2.6326836086809635 0
1577876145366 7.436440791934729 0
1577876145438 12.431151233613491 0
1577876145527 2.151017775759101 0
1577876145604 1.86201895121485 0
1577876145677 35.79963743686676 0
1577876145764 3.1144090462476015 0
1577876145846 2.694919006898999 0
1577876145917 9.208682924509048 0
1577876146014 17.984244972467422 0
1577876146086 1.3187198201194406 0
1577876146156 17.23865047097206 0
1577876146269 6.5813143737614155 0
1577876146424 12.658398598432541 0
1577876146584 4.431402310729027 0
1577876146722 8.958344347774982 0
1577876146866 33.35820138454437 0
1577876147011 8.191320113837719 0
1577876147144 0.32898434437811375 0
1577876149052 0.9600119665265083 0
1577876149171 10.538996197283268 0
1577876149324 2.535097301006317 0
1577876149456 0.3849567146971822 0
1577876149613 9.01095848530531 0
1577876149742 2.1857174579054117 0
1577876149886 9.791092947125435 0
1577876150029 10.17322763800621 0
1577876150170 0.5699520115740597 0
1577876150324 39.90239277482033 0
1577876150521 6.899484433233738 0
1577876150685 8.984353393316269 0
1577876150862 14.481320977210999 0
1577876150993 107.89794474840164 0
1577876151131 4.332217387855053 0
1577876151381 8.255996741354465 0
1577876151589 30.317645519971848 0
1577876151744 1.0976160410791636 0
1577876151827 13.171055354177952 0
1577876151939 10.632149875164032 0
1577876152062 1.1719242902472615 0
1577876152149 18.057508394122124 0
1577876152226 23.151246830821037 0
1577876152333 0.5286973901093006 0
1577876152429 1.8147503724321723 0
1577876152539 0.5039559327997267 0
1577876152653 1.718415878713131 0
1577876152727 15.845227986574173 0
1577876152819 0.7697268738411367 0
1577876152891 31.254824250936508 0
1577876152968 0.5149453645572066 0
1577876153139 3.3022407442331314 0
1577876153271 3.0274551827460527 0
1577876153408 4.16233204305172 0
1577876153531 18.346114084124565 0
1577876153665 32.05757215619087 0
1577876153789 6.465807557106018 0
1577876153981 8.211069740355015 0
1577876154244 17.815474420785904 0
1577876154374 0.668231921736151 0
1577876154506 0.6703662220388651 0
1577876154627 19.15404014289379 0
1577876154835 18.641537055373192 0
1577876155002 15.727458521723747 0
1577876155178 10.69544069468975 0
1577876155382 9.017121978104115 0
1577876155528 2.414093120023608 0
1577876155673 0.43261723476462066 0
1577876155825 4.369450733065605 0
1577876155934 3.6249151453375816 0
1577876156038 4.346974194049835 0
1577876156151 28.01109477877617 0
1577876156240 0.11552231444511563 0
1577876156377 1.899574650451541 0
1577876156499 7.6189967803657055 0
1577876156626 0.356128322891891 0
1577876156737 1.1670399690046906 0
1577876156834 1.0510317515581846 0
1577876156959 13.414320535957813 0
1577876157066 0.7847932865843177 0
1577876157176 25.63427947461605 0
1577876157270 0.32973531051538885 0
1577876157388 0.18588404054753482 0
