1577876801768 9.275874122977257 0
1577876803205 7.200837135314941 0
1577876804485 3.8731342647224665 0
1577876805953 4.19675512239337 0
1577876807221 3.442327957600355 0
1577876808076 3.5652066580951214 0
1577876808936 5.054590757936239 0
1577876810192 5.588294472545385 0
1577876811041 4.689264111220837 0
1577876811894 4.681055899709463 0
1577876812750 3.4850584343075752 0
1577876813594 6.612144876271486 0
1577876815663 3.477765480056405 0
1577876816503 4.308105446398258 0
1577876817343 3.908808808773756 0
1577876818206 3.8498376961797476 0
1577876819062 3.828228684142232 0
1577876819981 4.106826148927212 0
1577876820875 3.90262552537024 0
1577876821736 4.618779290467501 0
1577876822580 5.513515789061785 0
1577876823438 5.488540045917034 0
1577876824292 5.315837915986776 0
1577876825155 4.171737004071474 0
1577876827268 4.161738324910402 0
1577876828578 4.4716899283230305 0
1577876829555 5.157106090337038 0
1577876830439 5.511160008609295 0
1577876831308 5.860738456249237 0
1577876832165 6.990444380789995 0
1577876833034 5.257782060652971 0
1577876833888 5.135801620781422 0
1577876834772 5.70334168151021 0
1577876835809 4.836751613765955 0
1577876836825 4.724050406366587 0
1577876837794 4.311070311814547 0
1577876839865 5.798198748379946 0
1577876841140 5.425415001809597 0
1577876842113 4.4837454333901405 0
1577876842999 4.403574392199516 0
1577876843872 21.283844485878944 0
1577876844756 5.871303845196962 0
1577876845646 5.761199630796909 0
1577876846552 8.280445821583271 0
1577876847437 6.273434497416019 0
1577876848303 6.8107605911791325 0
1577876849212 5.656491965055466 0
1577876850083 6.477213464677334 0
