1577876689357 9.024434722959995 0
1577876690047 2.3883641697466373 0
1577876690735 1.5400362899526954 0
1577876691421 1.4417010825127363 0
1577876692106 0.913502648472786 0
1577876692792 1.2945791240781546 0
1577876693483 0.7906774408183992 0
1577876694171 0.6447812775149941 0
1577876694856 0.5824687541462481 0
1577876695544 0.6353340577334166 0
1577876696232 0.8818291826173663 0
1577876696916 0.6895971018821001 0
1577876698695 0.37736183730885386 0
1577876699381 0.4405526851769537 0
1577876700070 0.5726955714635551 0
1577876700755 0.4336209094617516 0
1577876701457 0.2787088742479682 0
1577876702145 0.5476732621900737 0
1577876702840 0.44401566265150905 0
1577876703538 0.6627395050600171 0
1577876704231 0.43234656914137304 0
1577876704929 0.48200006131082773 0
1577876705619 0.41304808109998703 0
1577876706308 0.7036857423372567 0
1577876708096 0.2909645263571292 0
1577876709329 0.31506927916780114 0
1577876710568 0.31604585819877684 0
1577876711819 0.5323957884684205 0
1577876713062 0.3804120060522109 0
1577876714370 0.7480123313143849 0
1577876715808 0.32628054032102227 0
1577876717261 0.5819218349643052 0
1577876718603 0.30269345734268427 0
1577876720050 0.34257560037076473 0
1577876721393 0.32895884942263365 0
1577876722811 0.26401420473121107 0
1577876725350 0.35577136441133916 0
1577876726638 0.30232869903557 0
1577876727527 0.5354943568818271 0
1577876728392 0.28631018358282745 0
1577876729263 0.35006727557629347 0
1577876730125 0.34268986200913787 0
1577876731007 0.2662517363205552 0
1577876731881 0.3038071736227721 0
1577876732767 0.3186047833878547 0
1577876733659 0.6100490572862327 0
1577876734545 0.5336321191862226 0
1577876735440 0.27094839606434107 0
