1577876257723 9.011748246848583 0
1577876258542 3.327257465571165 0
1577876259360 1.540583441965282 0
1577876260097 1.056895824149251 0
1577876260832 1.690848614089191 0
1577876261567 1.210713409818709 0
1577876262301 1.416042330674827 0
1577876263036 1.5041085425764322 0
1577876263772 1.2254876783117652 0
1577876264509 1.2867102632299066 0
1577876265241 0.9649198618717492 0
1577876265979 1.0369388619437814 0
1577876267838 1.003327313810587 0
1577876269028 0.9072026587091386 0
1577876270296 0.6649887072853744 0
1577876271562 0.7954251486808062 0
1577876272821 0.7050155545584857 0
1577876274073 0.6293014157563448 0
1577876275351 0.6421389407478273 0
1577876276590 0.5707181990146637 0
1577876277830 0.7284418679773808 0
1577876279072 0.7053709705360234 0
1577876280313 1.0195805225521326 0
1577876281565 0.724641839042306 0
1577876283897 1.057970686815679 0
1577876285172 0.778436369728297 0
1577876286474 0.6767268059775233 0
1577876287773 0.5366997211240232 0
1577876289046 0.5205097841098905 0
1577876290325 0.5470935720950365 0
1577876291603 0.6770318723283708 0
1577876292853 0.5375465261749923 0
1577876294125 0.6102350889705122 0
1577876295406 0.5911660846322775 0
1577876296694 0.6975520518608391 0
1577876297975 0.49194187158718705 0
1577876300287 0.4819633031729609 0
1577876301559 0.8030267199501395 0
1577876302825 0.5903247511014342 0
1577876304110 0.7524348911829293 0
1577876305471 0.5176425911486149 0
1577876306953 0.45591857633553445 0
1577876308295 0.5268175154924393 0
1577876309540 0.43838185956701636 0
1577876311003 0.6093091215007007 0
1577876312271 0.6214642780832946 0
1577876313545 0.6764703430235386 0
1577876314736 0.4283804155420512 0
