1577876416423 9.074574336409569 0
1577876417466 2.1814650390297174 0
1577876418626 2.0078918896615505 0
1577876419972 2.0686634816229343 0
1577876421219 1.4050219906494021 0
1577876422479 0.9701501112431288 0
1577876423774 1.1843753745779395 0
1577876424929 0.9026965126395226 0
1577876426205 1.0831551626324654 0
1577876427483 0.9181822533719242 0
1577876428766 0.9264720138162374 0
1577876430048 0.9521828033030033 0
1577876432395 0.977369025349617 0
1577876433674 0.4879984771832824 0
1577876434978 0.4677104589063674 0
1577876436266 0.6585763767361641 0
1577876437156 0.4726164333987981 0
1577876438318 0.7538776844739914 0
1577876439235 0.8488214225508273 0
1577876440408 0.6756008951924741 0
1577876441651 0.5547702894546092 0
1577876442908 0.36441037082113326 0
1577876444306 0.5719101172871888 0
1577876445786 0.5161383887752891 0
1577876448695 0.4500381473917514 0
1577876449966 0.5436480278149247 0
1577876451320 0.4250550118740648 0
1577876452744 0.45857790973968804 0
1577876453975 0.36204615025781095 0
1577876454889 0.39755491889081895 0
1577876455917 0.5619028815999627 0
1577876457181 0.34447936923243105 0
1577876458537 0.4884856753051281 0
1577876459896 0.4197760426905006 0
1577876461135 0.47497713239863515 0
1577876462407 0.3036299312952906 0
1577876464644 0.2147215709555894 0
1577876465342 0.3537395386956632 0
1577876466036 0.22548365814145654 0
1577876466732 0.40235387859866023 0
1577876467428 0.23355257872026414 0
1577876468129 0.7157957297749817 0
1577876468824 0.7021404453553259 0
1577876469532 0.5617831484414637 0
1577876470230 0.5516573437489569 0
1577876470919 0.2789149002637714 0
1577876471619 0.3675833286251873 0
1577876472318 0.36205784999765456 0
