1577876474478 9.051578119397163 0
1577876475718 2.096071606501937 0
1577876476994 3.574446076527238 0
1577876478249 5.386904813349247 0
1577876479529 2.003306057304144 0
1577876480782 2.8050499968230724 0
1577876482014 2.113385358825326 0
1577876483247 2.2139439824968576 0
1577876484488 2.012640470638871 0
1577876485726 1.860179821960628 0
1577876486408 1.3136900961399078 0
1577876487090 1.3573316391557455 0
1577876488852 1.4652449171990156 0
1577876490084 1.3206832809373736 0
1577876491312 1.8767418805509806 0
1577876492540 1.496936776675284 0
1577876493768 1.2721491511911154 0
1577876495000 1.2022649170830846 0
1577876496268 0.8321260684169829 0
1577876497511 1.020530704408884 0
1577876498838 0.6801662966609001 0
1577876500094 1.172490301541984 0
1577876501322 1.1396182235330343 0
1577876502550 0.8869308512657881 0
1577876504787 0.9050717926584184 0
1577876506018 1.9656687509268522 0
1577876507259 0.9862494189292192 0
1577876508521 0.8332331199198961 0
1577876509808 1.0854777647182345 0
1577876511050 1.9329215865582228 0
1577876512287 0.9036185219883919 0
1577876513520 0.9122278424911201 0
1577876514795 1.4007100835442543 0
1577876516049 0.4640983243007213 0
1577876517282 0.909825786948204 0
1577876518530 0.634825206361711 0
1577876520734 0.9642296354286373 0
1577876521964 0.6559911416843534 0
1577876523201 0.4630488692782819 0
1577876524455 0.7814234122633934 0
1577876525687 0.835841172374785 0
1577876526923 0.6404623854905367 0
1577876528154 0.723742414265871 0
1577876529383 0.8004193077795208 0
1577876530634 0.5600377335213125 0
1577876531863 0.6225913530215621 0
1577876533091 0.46172906877472997 0
1577876534322 0.9477965068072081 0
